166007992
60545006
60544980
60545018
14700050
60544993
439479
672012396
584613477
14517690
82502279
672012401
60545012
256674696
386267889
317016616
317016620
672012400
60544984
212292800
60545021
60544987
166007995
15429271
4093176
317016613
672012395
166407208
672012399
14517691
984932136
672012398
60545004
60545014
429474199
317016612
392858954
305381544
60545008
14517681
317016609
197941295
317016635
317016629
317016625
317016633
317016632
15429263
15429272
575402109
60545019
807263337
317016639
